K. Bryant
66 982 442    387  131  664  542  398   95
R.Hamilton
76 1042 474   118   36  429  368  372   74
T.Prince
82  825 422   138   47  274  221  247  133
B. Wallace
74  642 294     9    1  304  130  123  292
S. Nash
75  639 336   218   94  238  211  861   57
S. ONEAL
73 1095 658     1    0  765  353  200  253
T. Duncan
66 1033 514     9    3  455  304  179  202
L. James
80 1376 687   308  108  636  477  577  111
C. Billups
80  526 239   387  165  382  343  464   48
D. Wade
77 1273 617    45   13  762  581  520  110
T. McGrady
78 1225 573   435  142  557  431  448   71
C. Anthony
75 1072 488   158   42  573  456  194  141
A. Iverson
75 1480 667   338  104  786  656  596   51